6 1000
478
213
796
578
76
173
743
743
439
801
515
250
254
782
469
535
526
149
166
861
140
148
430
528
66
140
346
70
988
430
662
498
203
635
671
476
575
739
897
670
611
253
125
534
162
168
568
529
958
815
162
59
850
160
221
978
686
79
233
307
419
808
811
589
385
552
612
788
984
546
841
909
241
293
402
584
105
874
513
269
717
202
82
703
735
149
934
896
203
897
267
743
529
188
931
599
156
960
402
690
327
598
478
935
283
467
985
787
588
230
734
439
662
567
326
476
447
66
479
980
926
680
559
543
112
603
491
672
771
762
658
656
959
616
456
673
909
531
364
421
984
696
957
857
662
437
932
696
160
278
481
907
375
646
860
334
866
869
844
360
630
874
178
251
512
578
216
840
565
246
584
321
171
591
700
344
659
552
984
868
823
741
961
482
898
210
996
423
657
760
684
918
809
342
676
596
661
159
238
234
668
883
692
480
544
414
534
560
180
573
471
78
669
168
161
68
396
645
269
431
807
948
184
907
119
578
693
409
827
938
651
550
954
674
312
709
453
594
98
639
376
389
99
99
438
480
340
598
453
667
238
801
783
389
57
598
536
758
93
912
504
149
446
976
836
463
341
376
79
585
67
217
504
316
566
853
582
468
399
707
743
704
763
295
483
170
997
328
452
971
665
840
990
608
730
224
605
509
479
266
246
203
460
908
852
59
864
233
512
269
208
739
683
629
402
825
995
317
367
649
115
720
307
888
70
994
472
988
548
598
347
991
827
860
203
699
480
276
676
331
80
74
873
267
857
117
162
965
748
242
438
929
277
539
473
704
889
436
714
353
428
293
294
205
327
228
798
564
446
842
808
162
964
561
337
810
75
549
693
754
657
400
489
409
231
319
422
698
598
56
930
587
208
391
173
732
178
417
973
263
464
337
87
827
282
735
96
611
118
437
924
364
335
589
191
604
642
128
63
448
910
552
213
127
838
174
777
606
826
147
707
722
107
560
1000
504
242
167
950
912
537
843
774
880
427
625
220
100
705
736
677
636
842
385
268
682
232
804
191
586
839
111
163
766
163
669
872
167
895
128
827
225
539
531
412
258
783
788
754
821
950
947
636
876
659
80
838
680
357
728
855
77
383
253
645
787
185
524
265
525
216
115
477
823
357
745
181
535
696
88
144
473
947
56
705
107
674
121
239
216
215
642
803
486
81
145
323
792
564
242
879
723
742
504
448
869
893
437
443
178
560
717
273
358
507
582
428
333
650
777
287
861
466
543
859
862
491
985
974
106
69
829
594
427
763
651
845
984
130
677
310
905
859
268
623
405
841
601
458
324
68
662
996
480
814
866
774
875
908
634
958
317
578
427
339
277
235
380
276
343
131
309
916
725
95
825
540
922
737
154
881
781
287
63
175
541
582
323
453
693
362
337
901
123
81
95
615
709
941
559
227
229
439
225
465
662
716
678
779
699
759
82
246
725
325
467
216
691
446
813
797
573
573
881
850
888
655
876
196
239
267
893
778
341
998
619
403
906
973
484
577
864
613
729
847
371
853
415
430
585
398
491
190
945
969
344
705
821
130
124
729
196
830
945
962
432
826
637
949
211
244
216
965
461
292
196
375
863
672
651
583
385
590
117
389
878
260
736
863
939
970
560
964
753
828
193
848
844
763
604
619
471
839
316
961
789
146
919
185
994
754
714
554
390
95
478
867
293
553
708
230
574
966
491
992
342
127
922
493
882
336
687
807
959
842
352
943
53
223
623
900
309
512
99
916
524
133
88
950
771
744
496
165
582
228
388
73
372
178
411
366
844
226
785
748
562
383
241
254
220
297
995
461
245
175
775
423
745
807
424
264
731
903
690
334
189
572
578
216
742
627
355
185
211
946
541
290
128
499
819
584
508
386
236
215
585
745
590
130
834
428
434
435
690
919
682
240
264
133
617
118
438
475
814
877
299
805
374
196
69
551
657
483
660
988
291
554
513
165
58
903
209
186
747
529
533
203
820
518
720
130
816
850
724
641
999
356
491
921
322
872
214
953
795
213
165
74
580
296
68
527
579
560
527
835
942
750
971
704
980
690
64
705
218
792
676
585
390
185
777
524
523
79
613
117
627
367
159
584
146
381
301
400
837
300
639
743
555
146
497
268
249
589
501
846
696
850
726
798
184
895
91
664
335
785
218
143
768
487
617
218
256
798
678
486
975
275
592
880
583
922
951
510
110
795
770
661
735
209
334
892
547
985
861
399
377
180
942
693
103
726
593
334
742
821
250
663
668
878
969